name: unicycler
channels:
  - conda-forge
  - defaults
  - bioconda
dependencies:
  - _libgcc_mutex=0.1=conda_forge
  - _openmp_mutex=4.5=1_gnu
  - _sysroot_linux-64_curr_repodata_hack=3=h5bd9786_13
  - blast=2.12.0=hf3cf87c_4
  - bzip2=1.0.8=h7f98852_4
  - c-ares=1.18.1=h7f98852_0
  - ca-certificates=2023.7.22=hbcca054_0
  - curl=7.81.0=h2574ce0_0
  - entrez-direct=16.2=he881be0_0
  - kernel-headers_linux-64=3.10.0=h4a8ded7_13
  - keyutils=1.6.1=h166bdaf_0
  - krb5=1.19.2=h3790be6_4
  - ld_impl_linux-64=2.36.1=hea4e1c9_2
  - libcurl=7.81.0=h2574ce0_0
  - libedit=3.1.20191231=he28a2e2_2
  - libev=4.33=h516909a_1
  - libffi=3.3=h58526e2_2
  - libgcc-ng=11.2.0=h1d223b6_13
  - libgomp=11.2.0=h1d223b6_13
  - libnghttp2=1.47.0=h727a467_0
  - libnsl=2.0.0=h7f98852_0
  - libssh2=1.10.0=ha56f1ee_2
  - libstdcxx-ng=11.2.0=he4da1e4_13
  - libzlib=1.2.11=h36c2ea0_1013
  - llvm-openmp=8.0.1=hc9558a2_0
  - miniasm=0.3_r179=h7132678_3
  - ncurses=6.3=h9c3ff4c_0
  - openmp=8.0.1=0
  - openssl=1.1.1l=h7f98852_0
  - pcre=8.45=h9c3ff4c_0
  - perl=5.32.1=2_h7f98852_perl5
  - perl-archive-tar=2.40=pl5321hdfd78af_0
  - perl-carp=1.38=pl5321hdfd78af_4
  - perl-common-sense=3.75=pl5321hdfd78af_0
  - perl-compress-raw-bzip2=2.101=pl5321h87f3376_1
  - perl-compress-raw-zlib=2.101=pl5321h87f3376_2
  - perl-encode=3.16=pl5321hec16e2b_1
  - perl-exporter=5.72=pl5321hdfd78af_2
  - perl-exporter-tiny=1.002002=pl5321hdfd78af_0
  - perl-extutils-makemaker=6.66=0
  - perl-io-compress=2.102=pl5321h87f3376_1
  - perl-io-zlib=1.11=pl5321hdfd78af_0
  - perl-json=4.05=pl5321hdfd78af_0
  - perl-json-xs=2.34=pl5321h9f5acd7_5
  - perl-list-moreutils=0.430=pl5321hdfd78af_0
  - perl-list-moreutils-xs=0.430=pl5321hec16e2b_1
  - perl-parent=0.236=pl5321hdfd78af_2
  - perl-pathtools=3.75=pl5321hec16e2b_3
  - perl-scalar-list-utils=1.61=pl5321hec16e2b_1
  - perl-threaded=5.32.1=hdfd78af_1
  - perl-types-serialiser=1.01=pl5321hdfd78af_0
  - pigz=2.6=h27826a3_0
  - pip=22.0.3=pyhd8ed1ab_0
  - python=3.9.0=hffdb5ce_5_cpython
  - python_abi=3.9=2_cp39
  - racon=1.4.20=hd03093a_2
  - readline=8.1=h46c0cb4_0
  - setuptools=60.9.3=py39hf3d152e_0
  - spades=3.15.4=h95f258a_0
  - sqlite=3.37.0=h9cd32fc_0
  - sysroot_linux-64=2.17=h4a8ded7_13
  - tk=8.6.12=h27826a3_0
  - tzdata=2021e=he74cb21_0
  - unicycler=0.5.0=py39h2add14b_1
  - wheel=0.37.1=pyhd8ed1ab_0
  - xz=5.2.5=h516909a_1
  - zlib=1.2.11=h36c2ea0_1013
prefix: /home/artic/miniconda3/envs/unicycler
