name: /home/artic/bens_toys/cpl/protocols/SOPs/Verification-of-phage-API-purity/.snakemake/conda/50cafe2fd13bba2e984e5383de98fa18_
channels:
  - conda-forge
  - defaults
  - bioconda
dependencies:
  - _libgcc_mutex=0.1=conda_forge
  - _openmp_mutex=4.5=2_gnu
  - biopython=1.81=py310h1fa729e_0
  - blast=2.14.0=h7d5a4b4_1
  - bzip2=1.0.8=h7f98852_4
  - c-ares=1.19.1=hd590300_0
  - ca-certificates=2023.5.7=hbcca054_0
  - checkv=1.0.1=pyhdfd78af_0
  - curl=8.1.2=h409715c_0
  - diamond=2.1.8=h43eeafb_0
  - entrez-direct=16.2=he881be0_1
  - gettext=0.21.1=h27087fc_0
  - hmmer=3.3.2=hdbdd923_4
  - importlib-metadata=6.8.0=pyha770c72_0
  - kcounter=0.1.1=py310h4b81fae_4
  - keyutils=1.6.1=h166bdaf_0
  - krb5=1.20.1=h81ceb04_0
  - ld_impl_linux-64=2.40=h41732ed_0
  - libblas=3.9.0=17_linux64_openblas
  - libcblas=3.9.0=17_linux64_openblas
  - libcurl=8.1.2=h409715c_0
  - libedit=3.1.20191231=he28a2e2_2
  - libev=4.33=h516909a_1
  - libffi=3.4.2=h7f98852_5
  - libgcc-ng=13.1.0=he5830b7_0
  - libgfortran-ng=13.1.0=h69a702a_0
  - libgfortran5=13.1.0=h15d22d2_0
  - libgomp=13.1.0=he5830b7_0
  - libidn2=2.3.4=h166bdaf_0
  - liblapack=3.9.0=17_linux64_openblas
  - libnghttp2=1.52.0=h61bc06f_0
  - libnsl=2.0.0=h7f98852_0
  - libopenblas=0.3.23=pthreads_h80387f5_0
  - libsqlite=3.42.0=h2797004_0
  - libssh2=1.11.0=h0841786_0
  - libstdcxx-ng=13.1.0=hfd8a6a1_0
  - libunistring=0.9.10=h7f98852_0
  - libuuid=2.38.1=h0b41bf4_0
  - libzlib=1.2.13=hd590300_5
  - ncurses=6.4=hcb278e6_0
  - numpy=1.25.0=py310ha4c1d20_0
  - openssl=3.1.1=hd590300_1
  - pcre=8.45=h9c3ff4c_0
  - perl=5.32.1=3_hd590300_perl5
  - perl-archive-tar=2.40=pl5321hdfd78af_0
  - perl-carp=1.50=pl5321hd8ed1ab_0
  - perl-common-sense=3.75=pl5321hd8ed1ab_0
  - perl-compress-raw-bzip2=2.201=pl5321h166bdaf_0
  - perl-compress-raw-zlib=2.202=pl5321h166bdaf_0
  - perl-encode=3.19=pl5321h166bdaf_0
  - perl-exporter=5.74=pl5321hd8ed1ab_0
  - perl-exporter-tiny=1.002002=pl5321hd8ed1ab_0
  - perl-extutils-makemaker=7.70=pl5321hd8ed1ab_0
  - perl-io-compress=2.201=pl5321hdbdd923_2
  - perl-io-zlib=1.14=pl5321hdfd78af_0
  - perl-json=4.10=pl5321hdfd78af_0
  - perl-json-xs=2.34=pl5321h4ac6f70_6
  - perl-list-moreutils=0.430=pl5321hdfd78af_0
  - perl-list-moreutils-xs=0.430=pl5321h031d066_2
  - perl-parent=0.241=pl5321hd8ed1ab_0
  - perl-pathtools=3.75=pl5321h166bdaf_0
  - perl-scalar-list-utils=1.63=pl5321h166bdaf_0
  - perl-storable=3.15=pl5321h166bdaf_0
  - perl-types-serialiser=1.01=pl5321hdfd78af_0
  - pigz=2.6=h27826a3_0
  - pip=23.1.2=pyhd8ed1ab_0
  - prodigal-gv=2.11.0=he4a0461_2
  - psutil=5.9.5=py310h1fa729e_0
  - python=3.10.12=hd12c33a_0_cpython
  - python_abi=3.10=3_cp310
  - readline=8.2=h8228510_1
  - setuptools=68.0.0=pyhd8ed1ab_0
  - tk=8.6.12=h27826a3_0
  - wget=1.20.3=ha35d2d1_1
  - wheel=0.40.0=pyhd8ed1ab_0
  - xz=5.2.6=h166bdaf_0
  - zipp=3.15.0=pyhd8ed1ab_0
  - zlib=1.2.13=hd590300_5
  - zstd=1.5.2=hfc55251_7
  - pip:
    - pandas==2.0.3
    - python-dateutil==2.8.2
    - pytz==2023.3
    - six==1.16.0
    - tzdata==2023.3
prefix: /home/artic/bens_toys/cpl/protocols/SOPs/Verification-of-phage-API-purity/.snakemake/conda/50cafe2fd13bba2e984e5383de98fa18_
